0	file:/Accounts/kippm/Desktop/mallet-2.0.8/data/SeparatedMovies/m479.txt	7.45E-05	0.00568961	0.002783297	5.16E-05	0.365865331	0.053032132	0.008765967	0.550662534	0.012606	4.69E-041	file:/Accounts/kippm/Desktop/mallet-2.0.8/data/SeparatedMovies/m293.txt	5.73E-05	0.017715836	0.004808842	0.002374028	0.071342681	1.09E-04	0.017414426	0.632012204	0.254137925	2.74E-052	file:/Accounts/kippm/Desktop/mallet-2.0.8/data/SeparatedMovies/m101.txt	5.76E-05	4.16E-05	0.0537659	0.305032487	0.246988314	0.04334518	7.38E-05	0.35064149	2.61E-05	2.75E-053	file:/Accounts/kippm/Desktop/mallet-2.0.8/data/SeparatedMovies/m77.txt	0.003386638	5.86E-05	0.001142842	0.006194965	0.01366297	0.224929344	1.04E-04	0.74997285	5.09E-04	3.87E-054	file:/Accounts/kippm/Desktop/mallet-2.0.8/data/SeparatedMovies/m411.txt	0.042768142	5.52E-05	0.365290141	5.29E-05	0.146723396	0.034388234	0.002321483	0.408329364	3.47E-05	3.65E-055	file:/Accounts/kippm/Desktop/mallet-2.0.8/data/SeparatedMovies/m595.txt	0.012448621	3.94E-05	0.053205359	3.78E-05	0.218622185	0.179023071	0.02009111	0.434808149	2.48E-05	0.0816994796	file:/Accounts/kippm/Desktop/mallet-2.0.8/data/SeparatedMovies/m229.txt	0.005053199	0.384969867	0.023114767	0.001166664	0.194165032	0.016028541	5.02E-05	0.374731528	2.46E-04	4.75E-047	file:/Accounts/kippm/Desktop/mallet-2.0.8/data/SeparatedMovies/m67.txt	0.05536913	1.16E-04	0.25397733	1.11E-04	0.225450149	0.030250523	0.003949054	0.415654904	7.30E-05	0.0150485028	file:/Accounts/kippm/Desktop/mallet-2.0.8/data/SeparatedMovies/m549.txt	0.064746252	1.48E-04	0.269422614	0.013289385	0.222228404	0.008758548	2.63E-04	0.420951965	9.32E-05	9.80E-059	file:/Accounts/kippm/Desktop/mallet-2.0.8/data/SeparatedMovies/m450.txt	6.75E-05	0.002407577	0.007241548	0.008695652	0.113195812	0.356699168	0.015811851	0.469478138	4.24E-04	0.02597891510	file:/Accounts/kippm/Desktop/mallet-2.0.8/data/SeparatedMovies/m429.txt	9.58E-05	6.92E-05	0.028125604	6.64E-05	0.004425657	7.41E-04	0.561294251	0.405092972	4.35E-05	4.57E-0511	file:/Accounts/kippm/Desktop/mallet-2.0.8/data/SeparatedMovies/m448.txt	1.30E-04	0.098379219	0.012414332	8.99E-05	0.242639253	0.109118024	1.67E-04	0.536941842	5.90E-05	6.20E-0512	file:/Accounts/kippm/Desktop/mallet-2.0.8/data/SeparatedMovies/m256.txt	0.00200095	0.206650093	0.012543212	4.60E-05	0.184910323	0.06783361	0.015947928	0.510005959	3.02E-05	3.17E-0513	file:/Accounts/kippm/Desktop/mallet-2.0.8/data/SeparatedMovies/m244.txt	0.00534839	7.02E-04	0.026927521	3.93E-05	0.119699813	0.378786303	0.006687308	0.461425197	2.58E-05	3.58E-0414	file:/Accounts/kippm/Desktop/mallet-2.0.8/data/SeparatedMovies/m455.txt	1.10E-04	0.344580539	2.69E-04	7.62E-05	0.278504003	0.001490762	1.41E-04	0.374725956	4.99E-05	5.25E-0515	file:/Accounts/kippm/Desktop/mallet-2.0.8/data/SeparatedMovies/m540.txt	0.153742003	7.91E-05	0.027041976	7.58E-05	0.038206536	0.057582275	0.037114209	0.686056063	4.97E-05	5.23E-0516	file:/Accounts/kippm/Desktop/mallet-2.0.8/data/SeparatedMovies/m491.txt	0.001109538	0.297383575	1.47E-04	3.91E-04	0.321104211	0.011658565	0.007073292	0.361076446	2.73E-05	2.87E-0517	file:/Accounts/kippm/Desktop/mallet-2.0.8/data/SeparatedMovies/m421.txt	0.231601256	0.037354701	0.095257779	1.05E-04	0.296124924	0.00472483	1.95E-04	0.325626037	0.006276603	0.0027330618	file:/Accounts/kippm/Desktop/mallet-2.0.8/data/SeparatedMovies/m465.txt	0.006899615	0.245125171	1.51E-04	4.28E-05	0.237139246	0.00407679	0.024191451	0.481956241	2.81E-05	3.89E-0419	file:/Accounts/kippm/Desktop/mallet-2.0.8/data/SeparatedMovies/m38.txt	4.73E-04	0.151866326	0.084960625	4.80E-05	0.346808719	0.019109499	0.00331907	0.393349991	3.15E-05	3.31E-0520	file:/Accounts/kippm/Desktop/mallet-2.0.8/data/SeparatedMovies/m582.txt	0.007617082	8.46E-05	0.040513421	0.002126537	0.274043504	0.041814263	0.030149936	0.485587975	0.008916739	0.10914592921	file:/Accounts/kippm/Desktop/mallet-2.0.8/data/SeparatedMovies/m48.txt	0.00483905	0.026475794	0.096340894	5.15E-05	0.322666713	0.044756375	0.001828002	0.460956971	4.67E-04	0.0416177522	file:/Accounts/kippm/Desktop/mallet-2.0.8/data/SeparatedMovies/m287.txt	0.005248238	5.83E-05	0.105426981	0.014149127	0.185999782	0.247255765	0.034397051	0.405040715	0.002385514	3.85E-0523	file:/Accounts/kippm/Desktop/mallet-2.0.8/data/SeparatedMovies/m108.txt	0.226669165	0.024343	0.062804935	6.42E-05	0.214132995	0.037400273	1.19E-04	0.434380317	4.21E-05	4.42E-0524	file:/Accounts/kippm/Desktop/mallet-2.0.8/data/SeparatedMovies/m211.txt	0.245228199	6.92E-04	0.008881174	0.013622735	0.042455308	0.032228106	1.36E-04	0.656042069	6.64E-04	5.05E-0525	file:/Accounts/kippm/Desktop/mallet-2.0.8/data/SeparatedMovies/m378.txt	1.68E-04	1.21E-04	0.191876773	0.014769229	0.228522652	0.130244075	2.15E-04	0.433926721	7.62E-05	8.01E-0526	file:/Accounts/kippm/Desktop/mallet-2.0.8/data/SeparatedMovies/m10.txt	6.42E-05	4.64E-05	9.05E-04	0.012756278	0.614254623	0.039379717	8.24E-05	0.332451724	2.92E-05	3.07E-0527	file:/Accounts/kippm/Desktop/mallet-2.0.8/data/SeparatedMovies/m266.txt	0.199691113	0.013818821	0.015836354	0.057717875	0.009912517	0.027022356	0.017374512	0.598011431	0.06058874	2.63E-0528	file:/Accounts/kippm/Desktop/mallet-2.0.8/data/SeparatedMovies/m535.txt	0.22928535	1.87E-04	0.103092308	0.111678952	0.22139293	4.94E-04	3.32E-04	0.333296136	1.18E-04	1.24E-0429	file:/Accounts/kippm/Desktop/mallet-2.0.8/data/SeparatedMovies/m214.txt	0.040588626	6.61E-05	0.290630549	6.34E-05	0.003694708	7.08E-04	0.044344441	0.619819224	4.16E-05	4.37E-0530	file:/Accounts/kippm/Desktop/mallet-2.0.8/data/SeparatedMovies/m179.txt	0.029012682	0.003911588	0.174563521	1.49E-04	0.127628013	0.056753847	0.022813015	0.584968068	9.77E-05	1.03E-0431	file:/Accounts/kippm/Desktop/mallet-2.0.8/data/SeparatedMovies/m7.txt	3.35E-04	2.42E-04	0.201725105	2.32E-04	0.144210741	0.125474465	4.30E-04	0.527038745	1.52E-04	1.60E-0432	file:/Accounts/kippm/Desktop/mallet-2.0.8/data/SeparatedMovies/m303.txt	0.019747054	0.001070789	0.187238067	0.080718184	0.177414706	0.036461595	0.016242686	0.473968663	3.93E-05	0.00709893933	file:/Accounts/kippm/Desktop/mallet-2.0.8/data/SeparatedMovies/m514.txt	0.010936664	0.010904398	0.018543698	8.04E-05	0.053381291	0.250445266	0.00488292	0.648011995	0.002757862	5.55E-0534	file:/Accounts/kippm/Desktop/mallet-2.0.8/data/SeparatedMovies/m240.txt	0.005810825	5.92E-05	0.010703394	5.68E-05	0.178993453	0.425042788	0.001059957	0.318522142	3.72E-05	0.05971417635	file:/Accounts/kippm/Desktop/mallet-2.0.8/data/SeparatedMovies/m340.txt	1.44E-04	1.04E-04	0.018751001	9.36E-04	0.001617308	2.74E-04	0.676787371	0.301252792	6.52E-05	6.86E-0536	file:/Accounts/kippm/Desktop/mallet-2.0.8/data/SeparatedMovies/m362.txt	0.16120511	1.59E-04	0.124470192	0.0027073	0.062520902	0.05663638	2.81E-04	0.591815691	9.96E-05	1.05E-0437	file:/Accounts/kippm/Desktop/mallet-2.0.8/data/SeparatedMovies/m578.txt	8.79E-05	0.108576757	0.002262487	6.09E-05	0.095682968	0.009893178	0.044644121	0.733591215	0.005158469	4.20E-0538	file:/Accounts/kippm/Desktop/mallet-2.0.8/data/SeparatedMovies/m56.txt	0.024469959	0.014694776	0.101981081	0.026265155	0.039553281	0.065377036	0.269979905	0.45027175	0.007357098	5.00E-0539	file:/Accounts/kippm/Desktop/mallet-2.0.8/data/SeparatedMovies/m557.txt	1.91E-04	1.38E-04	0.250556296	0.067934189	0.094404566	0.023706341	0.005802371	0.557089478	8.67E-05	9.12E-0540	file:/Accounts/kippm/Desktop/mallet-2.0.8/data/SeparatedMovies/m60.txt	0.009690166	5.40E-04	0.086190136	0.022154689	0.431350796	0.008324095	0.021722982	0.410342645	0.006762807	0.00292168741	file:/Accounts/kippm/Desktop/mallet-2.0.8/data/SeparatedMovies/m522.txt	0.010161053	3.30E-05	9.10E-04	3.17E-05	0.17726663	0.047203422	5.86E-05	0.563583342	0.200729965	2.18E-0542	file:/Accounts/kippm/Desktop/mallet-2.0.8/data/SeparatedMovies/m135.txt	0.362605155	2.06E-04	0.215098464	0.001859707	0.106258999	5.45E-04	0.073494819	0.236341339	1.30E-04	0.00346034243	file:/Accounts/kippm/Desktop/mallet-2.0.8/data/SeparatedMovies/m296.txt	6.19E-05	0.006894851	1.51E-04	0.049075239	0.258838117	1.18E-04	4.40E-04	0.529694207	0.154696355	2.96E-0544	file:/Accounts/kippm/Desktop/mallet-2.0.8/data/SeparatedMovies/m255.txt	0.256911183	0.07321535	0.091309721	0.023285585	0.280770037	0.063590481	1.96E-04	0.210578618	6.95E-05	7.31E-0545	file:/Accounts/kippm/Desktop/mallet-2.0.8/data/SeparatedMovies/m307.txt	2.30E-04	0.040398231	0.208427791	0.040391316	0.178272188	0.078221475	0.004318576	0.438796954	0.010833073	1.10E-0446	file:/Accounts/kippm/Desktop/mallet-2.0.8/data/SeparatedMovies/m43.txt	0.051775585	0.009967581	0.111204175	8.50E-04	0.180707544	0.089109125	0.02371138	0.502173795	0.017527428	0.01297356347	file:/Accounts/kippm/Desktop/mallet-2.0.8/data/SeparatedMovies/m81.txt	2.12E-04	0.007544983	0.282648986	0.006306616	0.070143245	0.117445593	0.039695841	0.475805932	9.61E-05	1.01E-0448	file:/Accounts/kippm/Desktop/mallet-2.0.8/data/SeparatedMovies/m82.txt	0.007525148	0.001239777	0.05514937	2.27E-04	0.083595271	0.058977133	0.081426403	0.525783497	0.186060277	1.66E-0549	file:/Accounts/kippm/Desktop/mallet-2.0.8/data/SeparatedMovies/m478.txt	0.22769631	0.030007945	0.007266469	0.085236367	0.352541483	6.97E-04	0.015340124	0.280874295	1.66E-04	1.74E-0450	file:/Accounts/kippm/Desktop/mallet-2.0.8/data/SeparatedMovies/m24.txt	6.80E-04	7.20E-05	2.44E-04	6.90E-05	0.236084469	0.32623718	1.28E-04	0.417828185	0.018610192	4.76E-0551	file:/Accounts/kippm/Desktop/mallet-2.0.8/data/SeparatedMovies/m333.txt	0.033812375	4.76E-05	0.06688714	0.176064229	0.364666769	0.014314681	8.45E-05	0.344061385	2.99E-05	3.15E-0552	file:/Accounts/kippm/Desktop/mallet-2.0.8/data/SeparatedMovies/m320.txt	1.08E-04	7.80E-05	2.64E-04	7.48E-05	0.427448839	2.06E-04	7.67E-04	0.277995517	4.90E-05	0.29300826353	file:/Accounts/kippm/Desktop/mallet-2.0.8/data/SeparatedMovies/m288.txt	7.52E-05	0.217247765	0.026895277	5.21E-05	0.246503053	0.170920753	0.014108933	0.324126834	3.42E-05	3.59E-0554	file:/Accounts/kippm/Desktop/mallet-2.0.8/data/SeparatedMovies/m427.txt	5.77E-04	0.029607885	2.07E-04	5.86E-05	0.306761364	0.20501918	1.08E-04	0.456596871	3.84E-05	0.0010252855	file:/Accounts/kippm/Desktop/mallet-2.0.8/data/SeparatedMovies/m224.txt	8.06E-05	0.016484936	0.028826576	0.050274565	0.220555906	0.254063684	1.03E-04	0.429535219	3.66E-05	3.85E-0556	file:/Accounts/kippm/Desktop/mallet-2.0.8/data/SeparatedMovies/m97.txt	0.256678214	1.00E-04	0.057798334	9.63E-05	0.203882913	0.031827116	0.009080249	0.440406994	6.31E-05	6.64E-0557	file:/Accounts/kippm/Desktop/mallet-2.0.8/data/SeparatedMovies/m119.txt	7.31E-05	4.78E-04	0.034226029	5.06E-05	0.14126773	0.184420144	5.19E-04	0.629533533	3.32E-05	0.00939788658	file:/Accounts/kippm/Desktop/mallet-2.0.8/data/SeparatedMovies/m519.txt	0.005919212	3.17E-05	0.005727206	3.04E-05	0.33615371	0.043254658	0.01027422	0.594225405	0.004362553	2.10E-0559	file:/Accounts/kippm/Desktop/mallet-2.0.8/data/SeparatedMovies/m338.txt	0.177506054	5.62E-04	0.310044243	5.39E-04	0.004231403	0.010549682	9.98E-04	0.494844041	3.53E-04	3.72E-0460	file:/Accounts/kippm/Desktop/mallet-2.0.8/data/SeparatedMovies/m543.txt	0.176946529	1.02E-04	0.073194507	9.74E-05	0.071159281	0.067389313	0.040289045	0.570691407	6.38E-05	6.71E-0561	file:/Accounts/kippm/Desktop/mallet-2.0.8/data/SeparatedMovies/m106.txt	4.29E-04	0.022351474	0.161415733	4.09E-04	0.330544779	0.006336426	8.05E-05	0.47837486	2.85E-05	3.00E-0562	file:/Accounts/kippm/Desktop/mallet-2.0.8/data/SeparatedMovies/m482.txt	7.21E-05	0.005930314	0.041323866	0.00172943	0.10200107	1.38E-04	9.32E-04	0.830591266	0.001292362	0.01598956863	file:/Accounts/kippm/Desktop/mallet-2.0.8/data/SeparatedMovies/m187.txt	0.037777381	9.94E-05	0.270221765	9.53E-05	0.051201145	0.005067829	0.001778096	0.633631001	6.25E-05	6.57E-0564	file:/Accounts/kippm/Desktop/mallet-2.0.8/data/SeparatedMovies/m518.txt	4.12E-05	0.354733349	8.20E-04	2.85E-05	0.130209979	0.030776493	5.28E-05	0.483298999	1.87E-05	1.97E-0565	file:/Accounts/kippm/Desktop/mallet-2.0.8/data/SeparatedMovies/m18.txt	7.95E-05	5.74E-05	0.001582184	5.50E-05	0.278919235	1.52E-04	1.02E-04	0.656990113	0.062024939	3.79E-0566	file:/Accounts/kippm/Desktop/mallet-2.0.8/data/SeparatedMovies/m588.txt	3.08E-04	0.020823893	0.003005563	3.13E-05	0.567398964	3.50E-04	0.006111114	0.401929127	2.05E-05	2.16E-0567	file:/Accounts/kippm/Desktop/mallet-2.0.8/data/SeparatedMovies/m299.txt	0.023083669	8.41E-04	0.019054924	2.43E-05	0.298802728	0.130607801	0.005756092	0.429806167	1.59E-05	0.09200725568	file:/Accounts/kippm/Desktop/mallet-2.0.8/data/SeparatedMovies/m379.txt	1.81E-04	1.31E-04	0.120356297	1.25E-04	0.189268754	0.132881998	2.32E-04	0.555604683	8.20E-05	0.00113814969	file:/Accounts/kippm/Desktop/mallet-2.0.8/data/SeparatedMovies/m417.txt	0.035186617	1.09E-04	0.021389706	0.069300534	8.18E-04	0.002915085	0.488070988	0.382070318	6.83E-05	7.18E-0570	file:/Accounts/kippm/Desktop/mallet-2.0.8/data/SeparatedMovies/m230.txt	0.002082484	4.19E-05	0.025448161	4.01E-05	0.144055351	0.384092944	7.43E-05	0.442423648	2.63E-05	0.00171476571	file:/Accounts/kippm/Desktop/mallet-2.0.8/data/SeparatedMovies/m531.txt	0.774303495	8.40E-05	0.091643853	0.001433969	0.001308661	2.22E-04	8.26E-04	0.130069922	5.28E-05	5.55E-0572	file:/Accounts/kippm/Desktop/mallet-2.0.8/data/SeparatedMovies/m84.txt	0.008992925	6.14E-05	0.080379018	5.89E-05	0.082117844	0.009070264	0.066918243	0.587031247	0.165329592	4.06E-0573	file:/Accounts/kippm/Desktop/mallet-2.0.8/data/SeparatedMovies/m104.txt	0.017909744	0.013859206	0.044850658	0.358923069	0.201057125	0.004094139	0.011230583	0.343696466	1.21E-05	0.00436688274	file:/Accounts/kippm/Desktop/mallet-2.0.8/data/SeparatedMovies/m182.txt	2.58E-04	0.01974503	0.017181492	1.79E-04	0.075124685	0.209617192	0.015376256	0.662277177	1.17E-04	1.23E-0475	file:/Accounts/kippm/Desktop/mallet-2.0.8/data/SeparatedMovies/m142.txt	1.37E-04	0.019196714	0.092641157	9.47E-05	0.274480478	0.001852574	0.249244505	0.360634381	6.21E-05	0.00165675976	file:/Accounts/kippm/Desktop/mallet-2.0.8/data/SeparatedMovies/m160.txt	0.019349851	6.83E-05	0.419447153	0.01271894	0.11879645	0.001830956	0.006723009	0.419326883	0.001693364	4.51E-0577	file:/Accounts/kippm/Desktop/mallet-2.0.8/data/SeparatedMovies/m603.txt	0.001714791	0.001688997	0.113219754	6.05E-04	0.043214953	0.092625864	0.237457598	0.509386597	4.22E-05	4.43E-0578	file:/Accounts/kippm/Desktop/mallet-2.0.8/data/SeparatedMovies/m463.txt	0.002060747	0.419226607	0.007339654	0.012399573	0.185256293	5.29E-04	0.017221435	0.334784507	0.001624906	0.0195570979	file:/Accounts/kippm/Desktop/mallet-2.0.8/data/SeparatedMovies/m350.txt	0.019059804	0.045203416	0.201282466	2.23E-04	0.335283697	0.060575939	4.13E-04	0.337659243	1.46E-04	1.54E-0480	file:/Accounts/kippm/Desktop/mallet-2.0.8/data/SeparatedMovies/m469.txt	9.52E-04	3.73E-05	0.032551975	0.010544081	0.081344916	0.239689311	0.013276654	0.619453787	0.00212509	2.46E-0581	file:/Accounts/kippm/Desktop/mallet-2.0.8/data/SeparatedMovies/m403.txt	0.17801852	0.005682339	0.021002761	6.68E-05	0.289016066	0.099528656	1.24E-04	0.399174971	4.38E-05	0.00734252182	file:/Accounts/kippm/Desktop/mallet-2.0.8/data/SeparatedMovies/m387.txt	1.15E-04	8.34E-05	0.031182129	7.99E-05	0.114822477	0.174200171	0.007537066	0.671871998	5.24E-05	5.51E-0583	file:/Accounts/kippm/Desktop/mallet-2.0.8/data/SeparatedMovies/m542.txt	0.223645582	1.05E-04	0.061079085	1.00E-04	0.073319844	0.036542859	0.026331138	0.578741557	6.58E-05	6.92E-0584	file:/Accounts/kippm/Desktop/mallet-2.0.8/data/SeparatedMovies/m225.txt	4.14E-04	4.39E-05	0.001209534	0.432198654	0.10500973	8.23E-04	7.79E-05	0.459105039	2.76E-05	0.00108994585	file:/Accounts/kippm/Desktop/mallet-2.0.8/data/SeparatedMovies/m456.txt	0.001275718	9.21E-04	0.069945507	8.83E-04	0.667765242	0.002436098	0.001635523	0.194548592	5.79E-04	0.06000957686	file:/Accounts/kippm/Desktop/mallet-2.0.8/data/SeparatedMovies/m118.txt	0.005116563	0.008898121	0.018799814	3.76E-05	2.95E-04	1.04E-04	0.57811009	0.388587914	2.47E-05	2.59E-0587	file:/Accounts/kippm/Desktop/mallet-2.0.8/data/SeparatedMovies/m361.txt	3.26E-04	0.007815554	0.135347831	2.25E-04	0.498283825	0.110537125	0.00610271	0.241058715	1.48E-04	1.55E-0488	file:/Accounts/kippm/Desktop/mallet-2.0.8/data/SeparatedMovies/m223.txt	0.013433578	6.14E-05	0.048658332	0.414855276	0.268917535	0.001645388	6.03E-04	0.251746137	3.86E-05	4.05E-0589	file:/Accounts/kippm/Desktop/mallet-2.0.8/data/SeparatedMovies/m148.txt	1.98E-04	1.43E-04	0.229303263	1.37E-04	0.17585089	0.125710893	0.008302227	0.460171718	8.97E-05	9.43E-0590	file:/Accounts/kippm/Desktop/mallet-2.0.8/data/SeparatedMovies/m265.txt	9.65E-04	5.51E-05	0.107265497	5.28E-05	0.092387144	0.231187189	0.020091837	0.547924294	3.47E-05	3.64E-0591	file:/Accounts/kippm/Desktop/mallet-2.0.8/data/SeparatedMovies/m295.txt	0.077554017	0.047140697	0.024859105	0.00505029	0.474644711	0.001445743	0.001743764	0.186794111	2.61E-05	0.18074150992	file:/Accounts/kippm/Desktop/mallet-2.0.8/data/SeparatedMovies/m39.txt	0.014300871	0.006393514	0.343454375	9.36E-05	0.242338029	0.001045182	0.004108253	0.385779304	6.14E-05	0.00242548693	file:/Accounts/kippm/Desktop/mallet-2.0.8/data/SeparatedMovies/m192.txt	0.606186508	0.003000624	0.050021219	6.97E-05	0.002303584	0.001363307	0.05400329	0.282958116	4.57E-05	4.80E-0594	file:/Accounts/kippm/Desktop/mallet-2.0.8/data/SeparatedMovies/m402.txt	7.49E-05	0.003977934	0.007158881	0.002667743	0.11332615	0.030661701	0.014483402	0.668010534	3.40E-05	0.15960474795	file:/Accounts/kippm/Desktop/mallet-2.0.8/data/SeparatedMovies/m498.txt	0.017650841	0.003359946	0.039732824	0.019816408	0.100365345	0.238291083	0.016031498	0.56466427	4.28E-05	4.50E-0596	file:/Accounts/kippm/Desktop/mallet-2.0.8/data/SeparatedMovies/m332.txt	0.009457822	4.17E-05	0.030355799	0.270965423	0.34476151	0.022603341	0.0044383	0.311279477	0.006069131	2.75E-0597	file:/Accounts/kippm/Desktop/mallet-2.0.8/data/SeparatedMovies/m468.txt	0.256408795	0.00993909	0.01539101	7.82E-05	0.220108077	0.023873693	0.048775256	0.425320761	5.13E-05	5.39E-0598	file:/Accounts/kippm/Desktop/mallet-2.0.8/data/SeparatedMovies/m226.txt	0.271913852	0.052742235	0.106951855	1.49E-04	0.116359402	4.11E-04	2.76E-04	0.450996804	9.77E-05	1.03E-0499	file:/Accounts/kippm/Desktop/mallet-2.0.8/data/SeparatedMovies/m44.txt	0.027122147	0.261323582	1.93E-04	9.71E-04	0.031596669	0.058820801	1.01E-04	0.618423572	3.57E-05	0.00141268100	file:/Accounts/kippm/Desktop/mallet-2.0.8/data/SeparatedMovies/m245.txt	0.07886753	0.022295602	0.021148699	0.007484085	0.113035057	0.060799208	0.237077008	0.459185113	5.25E-05	5.52E-05101	file:/Accounts/kippm/Desktop/mallet-2.0.8/data/SeparatedMovies/m184.txt	2.24E-04	0.160176281	0.151454914	1.55E-04	0.293924847	0.058968836	0.013295893	0.285166674	1.01E-04	0.036532836102	file:/Accounts/kippm/Desktop/mallet-2.0.8/data/SeparatedMovies/m147.txt	1.19E-04	0.38307656	9.87E-04	7.78E-04	0.002039219	0.053054298	0.114841671	0.444992716	5.42E-05	5.70E-05103	file:/Accounts/kippm/Desktop/mallet-2.0.8/data/SeparatedMovies/m533.txt	0.005039333	4.12E-05	0.010436242	3.95E-05	0.138152828	0.286423151	0.005055428	0.538483744	2.59E-05	0.016302641104	file:/Accounts/kippm/Desktop/mallet-2.0.8/data/SeparatedMovies/m172.txt	1.10E-04	7.91E-05	0.102264516	0.00453818	0.238374991	0.255200814	0.010340084	0.388990775	4.97E-05	5.23E-05105	file:/Accounts/kippm/Desktop/mallet-2.0.8/data/SeparatedMovies/m397.txt	0.007516073	4.92E-04	0.050081515	0.006179839	0.113334876	0.312660191	0.02110593	0.488559525	3.41E-05	3.59E-05106	file:/Accounts/kippm/Desktop/mallet-2.0.8/data/SeparatedMovies/m443.txt	0.207630268	7.15E-05	0.058466257	0.003527423	0.3481531	0.019789307	0.010503542	0.272212686	0.079598596	4.73E-05107	file:/Accounts/kippm/Desktop/mallet-2.0.8/data/SeparatedMovies/m473.txt	0.118413407	6.86E-05	0.279994541	0.069729877	0.008256735	0.001287177	0.093560159	0.428601024	4.31E-05	4.53E-05108	file:/Accounts/kippm/Desktop/mallet-2.0.8/data/SeparatedMovies/m171.txt	9.57E-05	0.202221084	2.34E-04	6.62E-05	0.033376672	0.015775701	1.23E-04	0.74634818	4.34E-05	0.00171635109	file:/Accounts/kippm/Desktop/mallet-2.0.8/data/SeparatedMovies/m438.txt	1.33E-04	0.217373107	0.011189889	9.23E-05	0.38794291	0.014222389	1.71E-04	0.368750989	6.05E-05	6.36E-05110	file:/Accounts/kippm/Desktop/mallet-2.0.8/data/SeparatedMovies/m445.txt	1.20E-04	8.67E-05	0.012167655	8.31E-05	0.018812727	0.007213972	0.48909036	0.457645658	5.45E-05	0.01472538111	file:/Accounts/kippm/Desktop/mallet-2.0.8/data/SeparatedMovies/m53.txt	8.79E-05	6.35E-05	0.011981597	6.09E-05	9.89E-04	1.68E-04	0.097315363	0.720937682	0.168354004	4.20E-05112	file:/Accounts/kippm/Desktop/mallet-2.0.8/data/SeparatedMovies/m71.txt	0.296441861	0.00101696	0.024618517	5.69E-05	0.393039755	1.57E-04	5.84E-04	0.284008042	3.73E-05	3.93E-05113	file:/Accounts/kippm/Desktop/mallet-2.0.8/data/SeparatedMovies/m580.txt	5.91E-04	4.27E-04	0.018646609	0.003849425	0.058256	0.042411394	0.100524277	0.709379571	0.01746943	0.048445284114	file:/Accounts/kippm/Desktop/mallet-2.0.8/data/SeparatedMovies/m281.txt	1.04E-04	7.48E-05	2.53E-04	7.17E-05	0.665751603	0.006825472	1.33E-04	0.32669067	4.70E-05	4.94E-05115	file:/Accounts/kippm/Desktop/mallet-2.0.8/data/SeparatedMovies/m50.txt	0.014705916	6.26E-05	0.12019092	6.00E-05	0.079616612	0.270874552	0.036407241	0.478001574	3.93E-05	4.13E-05116	file:/Accounts/kippm/Desktop/mallet-2.0.8/data/SeparatedMovies/m79.txt	8.42E-05	0.004961144	0.022257385	5.83E-05	0.48559029	6.51E-04	1.08E-04	0.486211543	3.82E-05	4.02E-05117	file:/Accounts/kippm/Desktop/mallet-2.0.8/data/SeparatedMovies/m327.txt	0.004549765	0.00318655	0.010475643	5.32E-05	0.145787396	0.390632194	9.85E-05	0.439330366	0.005849674	3.67E-05118	file:/Accounts/kippm/Desktop/mallet-2.0.8/data/SeparatedMovies/m432.txt	1.06E-04	0.049469132	0.022486047	7.34E-05	0.15986737	0.132944939	0.007544873	0.441570011	0.003135185	0.182802927119	file:/Accounts/kippm/Desktop/mallet-2.0.8/data/SeparatedMovies/m528.txt	0.070535665	3.59E-05	0.399638521	3.44E-05	0.11177634	0.00298355	3.53E-04	0.414308105	2.25E-05	3.13E-04120	file:/Accounts/kippm/Desktop/mallet-2.0.8/data/SeparatedMovies/m234.txt	7.69E-05	5.55E-05	0.042699727	5.32E-05	0.016975049	0.067718052	0.083779501	0.788570423	3.49E-05	3.67E-05121	file:/Accounts/kippm/Desktop/mallet-2.0.8/data/SeparatedMovies/m331.txt	1.22E-04	8.81E-05	0.001718044	0.061134554	0.039706556	0.314002106	0.001576137	0.581538953	5.54E-05	5.82E-05122	file:/Accounts/kippm/Desktop/mallet-2.0.8/data/SeparatedMovies/m167.txt	7.12E-05	5.14E-05	0.031648174	0.016200476	0.132495381	0.046104721	0.00547496	0.646960415	0.120959359	3.40E-05123	file:/Accounts/kippm/Desktop/mallet-2.0.8/data/SeparatedMovies/m58.txt	0.249410477	7.33E-05	0.126084276	7.03E-05	0.108073538	0.055727108	1.30E-04	0.460336354	4.61E-05	4.85E-05124	file:/Accounts/kippm/Desktop/mallet-2.0.8/data/SeparatedMovies/m419.txt	6.54E-05	4.72E-05	0.110142906	0.265298393	0.083698885	0.012683472	0.019112028	0.508890809	2.97E-05	3.12E-05125	file:/Accounts/kippm/Desktop/mallet-2.0.8/data/SeparatedMovies/m506.txt	7.47E-05	9.24E-04	0.048906431	0.196251411	0.196170858	0.176765932	9.58E-05	0.371170423	3.39E-05	0.009606394126	file:/Accounts/kippm/Desktop/mallet-2.0.8/data/SeparatedMovies/m25.txt	0.014459921	0.173154309	0.077963913	4.63E-05	0.372638466	0.035915842	8.57E-05	0.325673351	3.03E-05	3.19E-05127	file:/Accounts/kippm/Desktop/mallet-2.0.8/data/SeparatedMovies/m46.txt	7.67E-04	8.12E-05	0.017937171	7.78E-05	0.345352995	0.035539247	0.051822707	0.548317667	5.10E-05	5.37E-05128	file:/Accounts/kippm/Desktop/mallet-2.0.8/data/SeparatedMovies/m598.txt	0.086826949	0.030966223	0.018163232	0.233159751	0.26947891	0.036466153	0.042735968	0.280725013	2.23E-05	0.001455464129	file:/Accounts/kippm/Desktop/mallet-2.0.8/data/SeparatedMovies/m345.txt	0.269133769	7.31E-05	0.126227619	7.00E-05	0.104159649	0.026684322	1.30E-04	0.473427694	4.59E-05	4.83E-05130	file:/Accounts/kippm/Desktop/mallet-2.0.8/data/SeparatedMovies/m389.txt	0.032011753	6.60E-05	0.01086365	0.005383338	0.677740166	0.007622627	1.17E-04	0.266110133	4.15E-05	4.36E-05131	file:/Accounts/kippm/Desktop/mallet-2.0.8/data/SeparatedMovies/m289.txt	2.98E-05	0.04530511	7.29E-05	5.41E-04	0.657728155	0.001097926	0.001252719	0.279370456	1.35E-05	0.014588255132	file:/Accounts/kippm/Desktop/mallet-2.0.8/data/SeparatedMovies/m612.txt	0.029508813	7.93E-05	0.318544734	0.012219087	0.127140336	0.018743842	1.41E-04	0.491603509	4.98E-05	0.001969742133	file:/Accounts/kippm/Desktop/mallet-2.0.8/data/SeparatedMovies/m243.txt	3.94E-05	0.009437158	0.023044419	0.002551575	0.143409787	0.139369634	5.05E-05	0.443401562	0.001165297	0.237530593134	file:/Accounts/kippm/Desktop/mallet-2.0.8/data/SeparatedMovies/m246.txt	2.99E-04	3.16E-05	0.005206998	3.03E-05	0.151958847	0.018953131	5.62E-05	0.629628719	0.193814446	2.09E-05135	file:/Accounts/kippm/Desktop/mallet-2.0.8/data/SeparatedMovies/m486.txt	0.173984183	8.58E-04	0.224083876	8.22E-04	0.103220285	0.002267718	0.036081806	0.395369488	0.055833995	0.007478735136	file:/Accounts/kippm/Desktop/mallet-2.0.8/data/SeparatedMovies/m485.txt	1.00E-04	0.014626776	0.017127867	0.055376447	0.092528234	0.020567345	0.042045272	0.705138587	0.052441699	4.77E-05137	file:/Accounts/kippm/Desktop/mallet-2.0.8/data/SeparatedMovies/m306.txt	6.88E-04	3.93E-05	0.209530404	0.07543338	0.245807016	0.029248491	0.011790959	0.427411742	2.47E-05	2.60E-05138	file:/Accounts/kippm/Desktop/mallet-2.0.8/data/SeparatedMovies/m300.txt	0.073050235	0.008731092	0.169020069	7.35E-05	0.362824686	2.03E-04	0.001990673	0.384007989	4.82E-05	5.07E-05139	file:/Accounts/kippm/Desktop/mallet-2.0.8/data/SeparatedMovies/m512.txt	1.15E-04	8.29E-05	0.067095343	0.0294779	0.152293057	0.022936178	0.085001722	0.642891179	5.21E-05	5.48E-05140	file:/Accounts/kippm/Desktop/mallet-2.0.8/data/SeparatedMovies/m347.txt	8.10E-04	0.082799367	9.02E-04	4.43E-05	0.346270974	0.016523816	8.21E-05	0.263244923	2.91E-05	0.289293683141	file:/Accounts/kippm/Desktop/mallet-2.0.8/data/SeparatedMovies/m334.txt	5.85E-05	3.83E-04	0.021248128	4.05E-05	0.023124986	0.008621804	0.271718027	0.636966028	0.023514481	0.01432492142	file:/Accounts/kippm/Desktop/mallet-2.0.8/data/SeparatedMovies/m565.txt	0.00250528	3.93E-04	4.96E-04	4.16E-05	0.014997764	1.15E-04	0.426251208	0.55514492	2.72E-05	2.86E-05143	file:/Accounts/kippm/Desktop/mallet-2.0.8/data/SeparatedMovies/m12.txt	0.254641006	1.10E-04	0.05250622	1.05E-04	0.055610995	0.211480593	0.001078283	0.423443105	6.89E-05	9.56E-04144	file:/Accounts/kippm/Desktop/mallet-2.0.8/data/SeparatedMovies/m152.txt	2.89E-04	5.25E-04	0.005784646	0.013367064	0.25092971	0.058618652	5.44E-05	0.54738884	1.93E-05	0.123023348145	file:/Accounts/kippm/Desktop/mallet-2.0.8/data/SeparatedMovies/m190.txt	0.045264508	0.013145408	0.003133944	0.005540847	0.255074209	0.001827989	9.30E-05	0.363732438	0.312152988	3.46E-05146	file:/Accounts/kippm/Desktop/mallet-2.0.8/data/SeparatedMovies/m153.txt	1.11E-04	0.447049402	0.036337313	0.039363549	0.1100896	2.11E-04	0.099969341	0.266765783	5.02E-05	5.28E-05147	file:/Accounts/kippm/Desktop/mallet-2.0.8/data/SeparatedMovies/m583.txt	0.535531937	0.001702443	0.019572484	9.53E-05	0.015976693	0.009079333	0.074714962	0.341595593	0.001665486	6.57E-05148	file:/Accounts/kippm/Desktop/mallet-2.0.8/data/SeparatedMovies/m451.txt	8.30E-05	5.43E-04	0.001168782	5.74E-05	0.088827773	0.364290257	0.014594379	0.530358253	3.77E-05	3.96E-05149	file:/Accounts/kippm/Desktop/mallet-2.0.8/data/SeparatedMovies/m275.txt	7.36E-05	5.31E-05	1.80E-04	5.09E-05	0.283401039	0.248462291	5.22E-04	0.466760065	3.34E-05	4.63E-04150	file:/Accounts/kippm/Desktop/mallet-2.0.8/data/SeparatedMovies/m94.txt	6.30E-05	0.206523817	0.001254336	4.36E-05	0.396428727	0.014423441	4.48E-04	0.380756832	2.86E-05	3.01E-05151	file:/Accounts/kippm/Desktop/mallet-2.0.8/data/SeparatedMovies/m324.txt	6.61E-05	0.026974141	0.004392917	4.58E-05	0.718140189	0.015512721	8.47E-05	0.23472191	3.00E-05	3.15E-05152	file:/Accounts/kippm/Desktop/mallet-2.0.8/data/SeparatedMovies/m454.txt	0.016238634	0.021748655	0.06058683	0.028978416	0.264150847	0.022260843	0.014132203	0.38593175	3.32E-05	0.185938643153	file:/Accounts/kippm/Desktop/mallet-2.0.8/data/SeparatedMovies/m151.txt	0.02045523	0.229468447	0.001492387	7.33E-05	0.268199718	2.02E-04	0.001369118	0.478640769	4.81E-05	5.06E-05154	file:/Accounts/kippm/Desktop/mallet-2.0.8/data/SeparatedMovies/m181.txt	6.19E-05	4.47E-05	0.07406055	0.022756401	0.025213367	0.327841894	0.005487395	0.544476019	2.81E-05	2.96E-05155	file:/Accounts/kippm/Desktop/mallet-2.0.8/data/SeparatedMovies/m589.txt	5.13E-05	0.037055524	0.001319581	3.55E-05	0.563317837	0.001292091	0.015888171	0.38069369	2.33E-05	3.23E-04156	file:/Accounts/kippm/Desktop/mallet-2.0.8/data/SeparatedMovies/m277.txt	0.030717931	1.89E-04	0.043278655	0.18291889	0.00294479	5.00E-04	0.204392593	0.534814877	1.19E-04	1.25E-04157	file:/Accounts/kippm/Desktop/mallet-2.0.8/data/SeparatedMovies/m383.txt	0.00376637	5.72E-05	0.050892407	0.012499061	0.160822787	0.145334	0.002406011	0.43379766	0.002801333	0.187623175158	file:/Accounts/kippm/Desktop/mallet-2.0.8/data/SeparatedMovies/m489.txt	0.342882682	0.002186013	0.027190234	1.22E-04	0.062709801	3.38E-04	0.175181635	0.389224899	8.03E-05	8.44E-05159	file:/Accounts/kippm/Desktop/mallet-2.0.8/data/SeparatedMovies/m159.txt	0.135918351	0.003115515	7.22E-04	6.05E-05	0.022859168	1.67E-04	0.346048546	0.491027114	3.97E-05	4.17E-05160	file:/Accounts/kippm/Desktop/mallet-2.0.8/data/SeparatedMovies/m561.txt	0.007294281	0.006067137	0.07096643	0.001269835	0.077266988	0.019972742	0.004326938	0.689288796	0.123497703	4.91E-05161	file:/Accounts/kippm/Desktop/mallet-2.0.8/data/SeparatedMovies/m154.txt	0.038654382	0.168763159	6.60E-04	0.020969183	0.196095157	0.068006477	1.02E-04	0.506674876	3.62E-05	3.81E-05162	file:/Accounts/kippm/Desktop/mallet-2.0.8/data/SeparatedMovies/m122.txt	9.78E-04	9.39E-04	0.206583088	0.001769211	0.015808731	2.74E-04	0.001853811	0.771660654	6.51E-05	6.85E-05163	file:/Accounts/kippm/Desktop/mallet-2.0.8/data/SeparatedMovies/m420.txt	0.071543563	0.016014904	2.48E-04	0.013059706	0.004093917	1.94E-04	0.569895723	0.323675055	0.00122691	4.84E-05164	file:/Accounts/kippm/Desktop/mallet-2.0.8/data/SeparatedMovies/m382.txt	8.36E-04	8.85E-05	0.070929358	8.49E-05	0.011367641	0.152194711	0.011572031	0.548771653	5.56E-05	0.20409956165	file:/Accounts/kippm/Desktop/mallet-2.0.8/data/SeparatedMovies/m476.txt	1.09E-04	7.85E-05	0.033774351	0.178999021	0.030937876	0.095043378	0.025428849	0.602651813	0.032925771	5.19E-05166	file:/Accounts/kippm/Desktop/mallet-2.0.8/data/SeparatedMovies/m606.txt	7.69E-05	5.55E-05	0.014507755	0.019295367	0.570074686	0.059215711	0.005468468	0.331233992	3.49E-05	3.67E-05167	file:/Accounts/kippm/Desktop/mallet-2.0.8/data/SeparatedMovies/m530.txt	0.309311293	0.03098533	0.004268395	6.03E-05	0.198174073	0.063025007	0.007208609	0.386885885	3.95E-05	4.16E-05168	file:/Accounts/kippm/Desktop/mallet-2.0.8/data/SeparatedMovies/m409.txt	0.082254602	1.27E-04	0.290783169	1.22E-04	0.11278976	0.067025255	2.26E-04	0.446507697	8.00E-05	8.41E-05169	file:/Accounts/kippm/Desktop/mallet-2.0.8/data/SeparatedMovies/m138.txt	4.36E-04	3.15E-04	0.008687725	3.02E-04	0.119218479	0.145621505	5.60E-04	0.68889054	0.035760102	2.08E-04170	file:/Accounts/kippm/Desktop/mallet-2.0.8/data/SeparatedMovies/m381.txt	0.01756049	0.043540157	0.067880762	0.170405061	0.085594477	1.47E-04	0.075412146	0.535801744	0.003173022	4.85E-04171	file:/Accounts/kippm/Desktop/mallet-2.0.8/data/SeparatedMovies/m105.txt	3.62E-05	0.049133801	0.003249993	0.011827765	0.680116391	9.12E-04	4.64E-05	0.253168154	1.64E-05	0.001492622172	file:/Accounts/kippm/Desktop/mallet-2.0.8/data/SeparatedMovies/m446.txt	0.02497193	7.71E-05	2.61E-04	0.04047977	0.016121168	0.011393257	0.284220994	0.611807401	4.85E-05	0.010618661173	file:/Accounts/kippm/Desktop/mallet-2.0.8/data/SeparatedMovies/m442.txt	0.22591289	6.23E-05	0.16431157	5.97E-05	0.131448073	0.001670159	1.11E-04	0.463296738	0.013086902	4.12E-05174	file:/Accounts/kippm/Desktop/mallet-2.0.8/data/SeparatedMovies/m312.txt	0.003118204	4.74E-05	0.003976135	0.004242773	0.105672541	0.264560505	0.02793943	0.590000421	2.98E-05	4.13E-04175	file:/Accounts/kippm/Desktop/mallet-2.0.8/data/SeparatedMovies/m166.txt	8.24E-05	0.13149465	2.02E-04	5.71E-05	0.540579112	0.005913664	5.85E-04	0.321009442	3.74E-05	3.93E-05176	file:/Accounts/kippm/Desktop/mallet-2.0.8/data/SeparatedMovies/m310.txt	0.028714116	7.65E-04	0.017989075	8.10E-05	0.010849058	0.00158516	0.333102303	0.606804971	5.31E-05	5.58E-05177	file:/Accounts/kippm/Desktop/mallet-2.0.8/data/SeparatedMovies/m348.txt	0.01685042	5.34E-05	0.217845229	5.12E-05	0.19913882	0.079291855	0.017731599	0.458214523	0.00132405	0.009498953178	file:/Accounts/kippm/Desktop/mallet-2.0.8/data/SeparatedMovies/m140.txt	0.002124783	0.003141174	8.33E-04	0.035845254	0.084668152	8.01E-04	0.009371181	0.701351765	0.161834762	2.82E-05179	file:/Accounts/kippm/Desktop/mallet-2.0.8/data/SeparatedMovies/m597.txt	0.033696886	6.95E-05	0.396723194	0.002306656	0.109725101	0.018104091	1.23E-04	0.437481582	4.37E-05	0.001725962180	file:/Accounts/kippm/Desktop/mallet-2.0.8/data/SeparatedMovies/m343.txt	0.034007907	0.002301061	0.199178322	0.036915173	0.203975928	0.037069219	8.99E-04	0.485535746	5.74E-05	6.04E-05181	file:/Accounts/kippm/Desktop/mallet-2.0.8/data/SeparatedMovies/m481.txt	0.009764041	7.06E-05	0.007630827	0.001204851	0.138702866	0.026911163	0.024006812	0.499353031	0.29230921	4.66E-05182	file:/Accounts/kippm/Desktop/mallet-2.0.8/data/SeparatedMovies/m260.txt	0.063372657	7.85E-05	0.150201408	0.010830123	0.043610241	0.047655535	0.247501444	0.436648853	4.93E-05	5.19E-05183	file:/Accounts/kippm/Desktop/mallet-2.0.8/data/SeparatedMovies/m297.txt	0.007386623	9.99E-05	0.026109952	9.58E-05	0.074039909	0.066303858	0.181383689	0.644451366	6.28E-05	6.61E-05184	file:/Accounts/kippm/Desktop/mallet-2.0.8/data/SeparatedMovies/m130.txt	6.07E-05	0.285841021	0.001914796	4.20E-05	0.09536009	0.005414988	7.78E-05	0.611232047	2.76E-05	2.90E-05185	file:/Accounts/kippm/Desktop/mallet-2.0.8/data/SeparatedMovies/m271.txt	0.047028227	1.53E-04	0.375050076	0.003842587	0.220449018	4.04E-04	0.061872103	0.279915622	9.61E-05	0.011189173186	file:/Accounts/kippm/Desktop/mallet-2.0.8/data/SeparatedMovies/m57.txt	0.463426252	5.15E-05	0.134991099	4.93E-05	0.119440959	5.51E-04	9.14E-05	0.281332202	3.24E-05	3.40E-05187	file:/Accounts/kippm/Desktop/mallet-2.0.8/data/SeparatedMovies/m339.txt	0.042180154	0.01843921	0.091980325	1.28E-04	0.427417754	0.003583683	0.198368136	0.217730363	8.40E-05	8.83E-05188	file:/Accounts/kippm/Desktop/mallet-2.0.8/data/SeparatedMovies/m28.txt	0.025726139	5.14E-05	5.88E-04	0.0286008	8.00E-04	1.36E-04	0.485881823	0.419253723	0.03892863	3.39E-05189	file:/Accounts/kippm/Desktop/mallet-2.0.8/data/SeparatedMovies/m521.txt	0.130016504	0.069799658	0.177313994	5.49E-04	0.087381811	0.029204945	0.351766262	0.153229427	3.60E-04	3.79E-04190	file:/Accounts/kippm/Desktop/mallet-2.0.8/data/SeparatedMovies/m370.txt	0.018870957	4.67E-05	0.017459865	4.47E-05	0.059026981	0.089641553	0.082830718	0.644756937	0.087290724	3.08E-05191	file:/Accounts/kippm/Desktop/mallet-2.0.8/data/SeparatedMovies/m261.txt	8.21E-04	0.001488844	0.167816458	8.34E-05	0.05462602	0.07172469	0.206227416	0.49709969	5.47E-05	5.75E-05192	file:/Accounts/kippm/Desktop/mallet-2.0.8/data/SeparatedMovies/m291.txt	6.37E-05	4.60E-05	0.064284961	4.41E-05	0.422190294	0.011242291	0.003417853	0.497539436	2.89E-05	0.001142469193	file:/Accounts/kippm/Desktop/mallet-2.0.8/data/SeparatedMovies/m239.txt	5.47E-05	3.95E-05	0.021155086	0.363450863	0.199362366	0.034184418	7.02E-05	0.380676387	9.80E-04	2.61E-05194	file:/Accounts/kippm/Desktop/mallet-2.0.8/data/SeparatedMovies/m552.txt	4.91E-04	0.059917686	0.029899447	4.98E-05	0.336141385	0.045769274	0.092611981	0.421237709	3.27E-05	0.013849503195	file:/Accounts/kippm/Desktop/mallet-2.0.8/data/SeparatedMovies/m415.txt	8.90E-05	0.00939229	0.043230083	0.025454468	0.137294242	1.70E-04	0.004778137	0.7795088	4.04E-05	4.25E-05196	file:/Accounts/kippm/Desktop/mallet-2.0.8/data/SeparatedMovies/m416.txt	6.80E-05	0.018643232	1.66E-04	0.159877495	0.098087537	0.178158752	8.71E-05	0.544848338	3.09E-05	3.24E-05197	file:/Accounts/kippm/Desktop/mallet-2.0.8/data/SeparatedMovies/m586.txt	4.35E-05	0.174431825	0.004156292	0.003826924	0.384474132	0.07703185	0.00840875	0.323286616	1.97E-05	0.024320381198	file:/Accounts/kippm/Desktop/mallet-2.0.8/data/SeparatedMovies/m220.txt	0.213749631	5.96E-05	0.019407781	5.71E-05	0.289019026	0.012161305	0.001546216	0.463442364	5.18E-04	3.94E-05199	file:/Accounts/kippm/Desktop/mallet-2.0.8/data/SeparatedMovies/m317.txt	0.083792929	0.150240753	0.123569732	8.89E-05	0.147110561	0.001739096	0.149565586	0.32584484	5.83E-05	0.01798939200	file:/Accounts/kippm/Desktop/mallet-2.0.8/data/SeparatedMovies/m422.txt	1.04E-04	7.48E-05	0.02194411	7.17E-05	0.407267843	0.05201494	0.061590396	0.430325184	4.70E-05	0.02656057201	file:/Accounts/kippm/Desktop/mallet-2.0.8/data/SeparatedMovies/m14.txt	0.030705902	0.011388139	0.129961386	7.91E-05	0.327818548	0.006868549	1.46E-04	0.349942807	5.19E-05	0.143037212202	file:/Accounts/kippm/Desktop/mallet-2.0.8/data/SeparatedMovies/m169.txt	6.96E-05	0.001264983	0.006243797	4.82E-05	0.532836016	0.005801601	0.004948121	0.296476439	3.16E-05	0.152279731203	file:/Accounts/kippm/Desktop/mallet-2.0.8/data/SeparatedMovies/m178.txt	9.42E-04	3.69E-05	0.017050371	3.53E-05	0.203978418	0.352862664	9.56E-04	0.422903035	2.32E-05	0.001212115204	file:/Accounts/kippm/Desktop/mallet-2.0.8/data/SeparatedMovies/m520.txt	0.054260885	0.043047635	0.043221929	0.240845392	0.090031021	7.82E-04	0.005427907	0.5222892	4.59E-05	4.83E-05205	file:/Accounts/kippm/Desktop/mallet-2.0.8/data/SeparatedMovies/m460.txt	2.13E-04	1.54E-04	0.07613957	0.001387102	0.374292474	0.185114697	2.73E-04	0.362227917	9.67E-05	1.02E-04206	file:/Accounts/kippm/Desktop/mallet-2.0.8/data/SeparatedMovies/m377.txt	0.03094332	0.005211751	0.296125246	0.001210357	0.340401564	0.066447423	0.013834789	0.222314666	4.45E-05	0.023466335207	file:/Accounts/kippm/Desktop/mallet-2.0.8/data/SeparatedMovies/m358.txt	0.005076615	0.012245731	0.079936831	6.58E-05	0.484830956	0.06383431	1.22E-04	0.308965588	4.32E-05	0.044879044208	file:/Accounts/kippm/Desktop/mallet-2.0.8/data/SeparatedMovies/m4.txt	0.001296905	0.072423291	0.001398455	4.86E-05	0.666863458	0.014036222	4.99E-04	0.243368661	3.19E-05	3.35E-05209	file:/Accounts/kippm/Desktop/mallet-2.0.8/data/SeparatedMovies/m292.txt	1.05E-04	7.62E-05	2.58E-04	7.30E-05	0.189567289	8.15E-04	0.013634755	0.586742366	4.79E-05	0.208680402210	file:/Accounts/kippm/Desktop/mallet-2.0.8/data/SeparatedMovies/m75.txt	0.030717157	0.001708393	0.282400709	6.12E-04	0.124643972	0.055410548	0.006135725	0.498284111	4.26E-05	4.48E-05211	file:/Accounts/kippm/Desktop/mallet-2.0.8/data/SeparatedMovies/m276.txt	6.24E-05	4.08E-04	0.003422184	4.32E-05	0.433735243	0.036084157	0.006982388	0.329570446	0.001481463	0.188210127212	file:/Accounts/kippm/Desktop/mallet-2.0.8/data/SeparatedMovies/m20.txt	7.30E-05	0.001752194	0.023971059	0.015345742	0.163545591	0.239339414	9.36E-05	0.348476428	0.179751801	0.027651188213	file:/Accounts/kippm/Desktop/mallet-2.0.8/data/SeparatedMovies/m238.txt	3.20E-05	0.014184583	0.024488176	2.22E-05	0.006882055	0.034346772	0.014202503	0.666185127	0.239641323	1.53E-05214	file:/Accounts/kippm/Desktop/mallet-2.0.8/data/SeparatedMovies/m209.txt	1.09E-04	0.001975181	0.009749244	0.188482616	0.002487092	2.07E-04	0.166418289	0.630470357	4.93E-05	5.19E-05215	file:/Accounts/kippm/Desktop/mallet-2.0.8/data/SeparatedMovies/m217.txt	5.29E-05	3.82E-05	0.007514642	3.66E-05	0.355399371	0.158578165	6.78E-05	0.369329295	2.40E-05	0.108959083216	file:/Accounts/kippm/Desktop/mallet-2.0.8/data/SeparatedMovies/m366.txt	0.001111061	0.035199441	0.003242857	0.006749871	0.444622389	3.11E-04	2.09E-04	0.504610114	0.003866573	7.78E-05217	file:/Accounts/kippm/Desktop/mallet-2.0.8/data/SeparatedMovies/m264.txt	0.010711588	1.01E-04	0.004407796	0.010668596	0.369148271	2.67E-04	9.92E-04	0.11889411	6.34E-05	0.